rank	rubygem_id	name	downloads
12	15261	rack	1324158241
128	41603	logger	389011083
224	39893	psych	234816788
